# Example from https://en.wikipedia.org/wiki/Held-Karp_algorithm
0, 31, 46, 22, 34, 77, 61
31, 0, 68, 16, 42, 94, 58
46, 68, 0, 52, 83, 62, 60
22, 16, 52, 0, 30, 92, 92
34, 42, 83, 30, 0, 12, 21
77, 94, 62, 92, 12, 0, 77
61, 58, 60, 92, 21, 77, 0