# Example with n = 10
0, 77, 51, 53, 49, 67, 71, 74, 92, 60
77, 0, 90, 69, 2, 28, 74, 89, 35, 10
51, 90, 0, 38, 3, 80, 38, 45, 26, 73
53, 69, 38, 0, 66, 69, 21, 12, 69, 8
49, 2, 3, 66, 0, 53, 80, 14, 23, 15
67, 28, 80, 69, 53, 0, 32, 54, 40, 54
71, 74, 38, 21, 80, 32, 0, 88, 63, 24
74, 89, 45, 12, 14, 54, 88, 0, 91, 63
92, 35, 26, 69, 23, 40, 63, 91, 0, 49
60, 10, 73, 8, 15, 54, 24, 63, 49, 0